steps            cexp    n_match      n_inl    n_ident     dist_I       diag      gnorm
1-250               0       29.5       14.5          0      40.05     0.0003    0.09115
251-500      0.000206        568        198          4      40.26    0.00075      1.302
501-750    -0.0003935        631      203.5          6      39.49     0.0009      2.001
751-1000    -0.000419        706        265       14.5      42.26     0.0019      1.669
1001-1250   -0.003456       1658      575.5       25.5      37.31     0.0037      2.675
1251-1500   -0.003479       1218        476       17.5      43.85    0.00265      2.102
1501-1750   -0.006593       1473        648         30      39.66    0.00405       2.44
1751-2000   -0.005045       1248        532         21      37.24     0.0037      2.234
2001-2250   -0.005269       1386        610       22.5      41.97     0.0037      2.688
2251-2500   -0.007166       1302      605.5       26.5      37.01     0.0045      2.182
2501-2750    -0.00321       1238      518.5         17      48.56     0.0027      2.388
2751-3000    -0.01058       1449      724.5         16      48.04     0.0033      2.429
