steps            cexp    n_match      n_inl    n_ident     dist_I       diag neg_n_matc  neg_n_inl neg_n_iden   neg_diag      gnorm
1-250               0          0          0          0      39.27     0.0001          0          0          0     0.0001          0
251-500     0.0001395      480.5        170          2        nan     0.0004        169         27          0     0.0003     0.4355
501-750    -0.0002315      949.5      333.5        6.5        nan    0.00105        418         40          5     0.0007     0.9757
751-1000     -0.00014      571.5        239         12      45.26     0.0013      204.5       31.5          8      0.001     0.7651
1001-1250  -0.0009135       1382      458.5         18      37.36     0.0023        642         51         20     0.0021       1.22
1251-1500  -0.0009535       1110      467.5       12.5      44.23    0.00135        393       42.5         11     0.0012      1.145
1501-1750   -0.002209       1236      568.5         17      42.64     0.0019        453       42.5         12     0.0011      1.228
1751-2000   -0.001531        940      408.5       15.5      39.06     0.0015        352       42.5         11     0.0011      1.133
2001-2250   -0.001613       1438        615         18      42.94     0.0019      499.5       45.5         17     0.0014      1.252
2251-2500   -0.001729       1254      546.5         17      40.51    0.00175        360         43         12    0.00105      0.998
2501-2750   -0.001166       1096      481.5        9.5      53.27     0.0009        396         43         10     0.0008     0.9991
2751-3000   -0.003205       1354        669         11      47.82      0.001      455.5         42         12     0.0009      1.177
