steps            cexp    n_match      n_inl    n_ident     dist_I       diag neg_n_matc  neg_n_inl neg_n_iden   neg_diag      gnorm
1-250               0          0          0          0       35.5          0          0          0          0          0          0
251-500             0          0          0          0      49.03          0          0          0          0          0          0
501-750             0          0          0          0      50.84          0          0          0          0          0          0
751-1000            0          0          0          0          —          0          0          0          0          0          0
1001-1250           0          0          0          0          —          0          0          0          0          0          0
1251-1500           0          0          0          0          —          0          0          0          0          0          0
1501-1750           0          0          0          0          —          0          0          0          0          0          0
1751-2000           0          0          0          0          —          0          0          0          0          0          0
2001-2250           0          0          0          0          —          0          0          0          0          0          0
2251-2500           0          0          0          0          —          0          0          0          0          0          0
2501-2750           0          0          0          0          —          0          0          0          0          0          0
2751-3000           0          0          0          0          —          0          0          0          0          0          0
