steps            cexp    n_match      n_inl    n_ident     dist_I       diag      gnorm
1-250               0          0          0          0        nan          0          0
251-500             0       27.5         12          0      37.92     0.0002     0.0519
501-750             0          0          0          0      40.66          0          0
751-1000            0          0          0          0          —          0          0
1001-1250           0          0          0          0          —          0          0
1251-1500           0          0          0          0          —          0          0
1501-1750           0          0          0          0          —          0          0
1751-2000           0          0          0          0          —          0          0
2001-2250           0          0          0          0          —          0          0
2251-2500           0          0          0          0          —          0          0
2501-2750           0          0          0          0          —          0          0
2751-3000           0          0          0          0       79.5          0          0
